[metadata]
addr = 0x664
size = 0x89
last_change = 2024-03-09T19:20:07.694888Z

[header]
last_change = 2024-03-09T19:20:07.694888Z
addr = 0x664
type = "_BOOL8"
