[metadata]
addr = 0x6fd
size = 0x20
last_change = 2024-03-09T19:24:16.369177Z

[header]
last_change = 2024-03-09T19:24:16.369177Z
name = "fish_rejected"
addr = 0x6fd
