[metadata]
addr = 0x71d
size = 0xb8
last_change = 2024-03-09T19:23:18.900341Z

[header]
last_change = 2024-03-09T19:23:18.900341Z
name = "fish_main"
addr = 0x71d
