[metadata]
addr = 0x71d
size = 0xb8
last_change = 2024-03-09T19:19:36.173808Z

[header]
last_change = 2024-03-09T19:19:36.173808Z
name = "pascal_main"
addr = 0x71d
