[metadata]
addr = 0x71d
size = 0xb8
last_change = 2024-03-09T19:13:01.483176Z

[header]
last_change = 2024-03-09T19:12:49.041058Z
name = "flipout_n_check"
addr = 0x71d

[stack_vars.-0x18]
last_change = 2024-03-09T19:13:01.483176Z
offset = -24
name = "buf"
type = "int[4]"
size = 0x10
addr = 0x71d
