[metadata]
addr = 0x664
size = 0x89
last_change = 2024-03-09T19:23:30.153395Z

[header]
last_change = 2024-03-09T19:23:30.153395Z
name = "fish_thenticate"
addr = 0x664
