[metadata]
addr = 0x580
size = 0x2a
last_change = 2024-03-09T19:16:41.095292Z

[header]
last_change = 2024-03-09T19:16:41.095292Z
name = "frqy_start"
addr = 0x580
