[metadata]
addr = 0x640
size = 0x22
last_change = 2024-03-09T19:14:12.138934Z

[header]
last_change = 2024-03-09T19:14:12.138934Z
addr = 0x640
type = "void"
