[metadata]
addr = 0x664
size = 0x89
last_change = 2024-03-09T19:17:10.353217Z

[header]
last_change = 2024-03-09T19:17:10.353217Z
addr = 0x664
type = "_BOOL8"
