[metadata]
addr = 0x640
size = 0x22
last_change = 2024-03-09T19:20:10.091514Z

[header]
last_change = 2024-03-09T19:20:10.091514Z
addr = 0x640
type = "void"
