[metadata]
addr = 0x71d
size = 0xb8
last_change = 2024-03-09T19:02:37.936713Z

[header]
last_change = 2024-03-09T19:02:37.936713Z
name = "mahaloz_main"
addr = 0x71d
