[metadata]
addr = 0x6fd
size = 0x20
last_change = 2024-03-09T19:10:06.266066Z

[header]
last_change = 2024-03-09T19:10:06.266066Z
name = "mahaloz_rejected"
addr = 0x6fd
