[metadata]
addr = 0x6fd
size = 0x20
last_change = 2024-03-09T19:19:57.149253Z

[header]
last_change = 2024-03-09T19:19:57.149253Z
name = "pasc_jected"
addr = 0x6fd
