[metadata]
addr = 0x71d
size = 0xb8
last_change = 2024-03-09T19:16:46.134480Z

[header]
last_change = 2024-03-09T19:16:46.134480Z
name = "frq_main"
addr = 0x71d
