[metadata]
addr = 0x71d
size = 0xb8
last_change = 2024-03-09T19:12:49.041058Z

[header]
last_change = 2024-03-09T19:12:49.041058Z
name = "flipout_n_check"
addr = 0x71d
