[0x90c]
last_change = 2024-03-09T19:13:12.021430Z
addr = 0x90c
name = "format"
size = 0x9

[0x201048]
last_change = 2024-03-09T19:13:27.420027Z
addr = 0x201048
name = "s2"
size = 0x8
